1,244,244,244,255
2,138,146,141,255
3,255,214,127,255
4,242,112,94,255
5,176,160,111,255
6,173,217,168,255
7,255,133,0,255
8,140,0,255,255
9,246,169,187,255
10,255,255,189,150
11,171,217,255,255
12,216,109,44,255
13,255,128,20,255
14,120,252,120,255
15,255,242,48,255
16,255,135,156,255
17,255,148,148,255
18,187,128,90,255
19,207,138,71,255
20,233,233,233,150
21,180,0,0,255
22,208,80,152,255
23,30,90,168,255
24,250,200,10,255
25,84,51,36,255
26,27,42,52,255
27,84,89,85,255
28,0,133,43,255
29,127,196,117,255
36,253,195,131,255
37,88,171,65,255
38,145,80,28,255
39,175,190,214,255
40,238,238,238,150
41,184,39,0,150
42,173,221,237,150
43,119,183,204,150
44,250,241,93,150
45,151,203,217,255
47,208,109,79,150
48,115,180,100,150
49,250,241,91,150
50,229,223,211,255
100,249,183,165,255
101,240,109,97,255
102,115,150,200,255
103,188,180,165,255
104,103,31,129,255
105,245,134,36,255
106,214,121,35,255
107,6,157,159,255
108,86,71,47,255
109,0,20,20,255
110,38,70,154,255
111,187,178,158,150
112,72,97,172,255
113,253,142,207,150
114,254,0,254,150
115,183,212,37,255
116,0,170,164,255
117,247,247,247,150
118,156,214,204,255
119,165,202,24,255
120,222,234,146,255
121,248,154,57,255
122,254,203,152,255
123,238,84,52,255
124,144,31,118,255
125,249,167,119,255
126,156,149,199,150
127,222,172,102,255
128,173,97,64,255
129,67,84,147,150
131,160,160,160,255
133,239,88,40,255
134,205,221,52,255
135,112,129,154,255
136,117,101,125,255
137,244,129,71,255
138,137,125,98,255
139,118,77,59,255
140,25,50,90,255
141,0,69,26,255
143,208,229,255,150
145,91,117,144,255
146,129,117,144,255
147,131,114,79,255
148,72,77,72,255
149,10,19,39,255
150,152,155,153,255
151,112,142,124,255
153,136,96,94,255
154,114,0,18,255
157,255,246,92,150
158,241,142,187,150
168,96,86,76,255
176,148,81,72,255
178,171,103,58,255
179,115,114,113,255
180,221,152,46,255
182,225,141,10,150
183,246,242,223,255
184,214,0,38,255
185,0,89,163,255
186,0,142,60,255
187,87,57,44,255
188,0,158,206,255
189,172,130,71,255
190,255,207,11,255
191,252,172,0,255
192,95,49,9,255
193,236,68,29,255
194,150,150,150,255
195,28,88,167,255
196,14,62,154,255
197,49,43,135,255
198,138,18,168,255
199,100,100,100,255
200,106,121,68,255
208,200,200,200,255
209,164,118,36,255
210,70,138,95,255
211,63,182,169,255
212,157,195,247,255
213,71,111,182,255
216,135,43,23,255
217,123,93,65,255
218,142,85,151,255
219,86,78,157,255
220,145,149,202,255
221,211,53,157,255
222,255,158,205,255
223,241,120,128,255
224,243,201,136,255
225,250,169,100,255
226,255,236,108,255
227,201,231,136,150
228,85,165,175,150
229,172,212,222,150
230,236,163,201,150
231,252,183,109,150
232,119,201,216,255
233,96,186,118,255
234,251,232,144,150
236,141,115,179,150
268,68,26,145,255
269,62,149,182,255
283,255,201,149,255
284,224,208,229,150
285,228,214,218,150
294,213,220,138,150
296,173,173,173,255
297,170,127,46,255
298,118,118,118,255
308,55,33,0,255
309,206,206,206,255
310,223,193,118,255
311,175,210,70,150
312,170,125,85,255
315,140,132,129,255
316,62,60,57,255
321,70,155,195,255
322,104,195,226,255
323,211,242,234,255
324,160,110,185,255
325,205,164,222,255
326,226,249,154,255
329,245,243,215,255
330,119,119,78,255
336,140,140,140,255
900001,238,238,238,255
900011,239,239,239,255
900021,240,240,240,255
900031,241,241,241,255
900041,242,242,242,255
900051,243,243,243,255
900061,244,244,244,255
900071,245,245,245,255
900081,246,246,246,255
900091,247,247,247,255
900101,248,248,248,255
900111,249,249,249,255
900121,250,250,250,255
900002,132,140,135,255
900012,133,141,136,255
900022,134,142,137,255
900032,135,143,138,255
900042,136,144,139,255
900052,137,145,140,255
900062,138,146,141,255
900072,139,147,142,255
900082,140,148,143,255
900092,141,149,144,255
900102,142,150,145,255
900112,143,151,146,255
900122,144,152,147,255
900003,249,208,121,255
900013,250,209,122,255
900023,251,210,123,255
900033,252,211,124,255
900043,253,212,125,255
900053,254,213,126,255
900063,255,214,127,255
900073,255,215,128,255
900083,255,216,129,255
900093,255,217,130,255
900103,255,218,131,255
900113,255,219,132,255
900123,255,220,133,255
900004,236,106,88,255
900014,237,107,89,255
900024,238,108,90,255
900034,239,109,91,255
900044,240,110,92,255
900054,241,111,93,255
900064,242,112,94,255
900074,243,113,95,255
900084,244,114,96,255
900094,245,115,97,255
900104,246,116,98,255
900114,247,117,99,255
900124,248,118,100,255
900005,170,154,105,255
900015,171,155,106,255
900025,172,156,107,255
900035,173,157,108,255
900045,174,158,109,255
900055,175,159,110,255
900065,176,160,111,255
900075,177,161,112,255
900085,178,162,113,255
900095,179,163,114,255
900105,180,164,115,255
900115,181,165,116,255
900125,182,166,117,255
900006,167,211,162,255
900016,168,212,163,255
900026,169,213,164,255
900036,170,214,165,255
900046,171,215,166,255
900056,172,216,167,255
900066,173,217,168,255
900076,174,218,169,255
900086,175,219,170,255
900096,176,220,171,255
900106,177,221,172,255
900116,178,222,173,255
900126,179,223,174,255
900007,249,127,0,255
900017,250,128,0,255
900027,251,129,0,255
900037,252,130,0,255
900047,253,131,0,255
900057,254,132,0,255
900067,255,133,0,255
900077,255,134,1,255
900087,255,135,2,255
900097,255,136,3,255
900107,255,137,4,255
900117,255,138,5,255
900127,255,139,6,255
900008,134,0,249,255
900018,135,0,250,255
900028,136,0,251,255
900038,137,0,252,255
900048,138,0,253,255
900058,139,0,254,255
900068,140,0,255,255
900078,141,1,255,255
900088,142,2,255,255
900098,143,3,255,255
900108,144,4,255,255
900118,145,5,255,255
900128,146,6,255,255
900009,240,163,181,255
900019,241,164,182,255
900029,242,165,183,255
900039,243,166,184,255
900049,244,167,185,255
900059,245,168,186,255
900069,246,169,187,255
900079,247,170,188,255
900089,248,171,189,255
900099,249,172,190,255
900109,250,173,191,255
900119,251,174,192,255
900129,252,175,193,255
9000011,165,211,249,255
9000111,166,212,250,255
9000211,167,213,251,255
9000311,168,214,252,255
9000411,169,215,253,255
9000511,170,216,254,255
9000611,171,217,255,255
9000711,172,218,255,255
9000811,173,219,255,255
9000911,174,220,255,255
9001011,175,221,255,255
9001111,176,222,255,255
9001211,177,223,255,255
9000012,210,103,38,255
9000112,211,104,39,255
9000212,212,105,40,255
9000312,213,106,41,255
9000412,214,107,42,255
9000512,215,108,43,255
9000612,216,109,44,255
9000712,217,110,45,255
9000812,218,111,46,255
9000912,219,112,47,255
9001012,220,113,48,255
9001112,221,114,49,255
9001212,222,115,50,255
9000013,249,122,14,255
9000113,250,123,15,255
9000213,251,124,16,255
9000313,252,125,17,255
9000413,253,126,18,255
9000513,254,127,19,255
9000613,255,128,20,255
9000713,255,129,21,255
9000813,255,130,22,255
9000913,255,131,23,255
9001013,255,132,24,255
9001113,255,133,25,255
9001213,255,134,26,255
9000014,114,246,114,255
9000114,115,247,115,255
9000214,116,248,116,255
9000314,117,249,117,255
9000414,118,250,118,255
9000514,119,251,119,255
9000614,120,252,120,255
9000714,121,253,121,255
9000814,122,254,122,255
9000914,123,255,123,255
9001014,124,255,124,255
9001114,125,255,125,255
9001214,126,255,126,255
9000015,249,236,42,255
9000115,250,237,43,255
9000215,251,238,44,255
9000315,252,239,45,255
9000415,253,240,46,255
9000515,254,241,47,255
9000615,255,242,48,255
9000715,255,243,49,255
9000815,255,244,50,255
9000915,255,245,51,255
9001015,255,246,52,255
9001115,255,247,53,255
9001215,255,248,54,255
9000016,249,129,150,255
9000116,250,130,151,255
9000216,251,131,152,255
9000316,252,132,153,255
9000416,253,133,154,255
9000516,254,134,155,255
9000616,255,135,156,255
9000716,255,136,157,255
9000816,255,137,158,255
9000916,255,138,159,255
9001016,255,139,160,255
9001116,255,140,161,255
9001216,255,141,162,255
9000017,249,142,142,255
9000117,250,143,143,255
9000217,251,144,144,255
9000317,252,145,145,255
9000417,253,146,146,255
9000517,254,147,147,255
9000617,255,148,148,255
9000717,255,149,149,255
9000817,255,150,150,255
9000917,255,151,151,255
9001017,255,152,152,255
9001117,255,153,153,255
9001217,255,154,154,255
9000018,181,122,84,255
9000118,182,123,85,255
9000218,183,124,86,255
9000318,184,125,87,255
9000418,185,126,88,255
9000518,186,127,89,255
9000618,187,128,90,255
9000718,188,129,91,255
9000818,189,130,92,255
9000918,190,131,93,255
9001018,191,132,94,255
9001118,192,133,95,255
9001218,193,134,96,255
9000019,201,132,65,255
9000119,202,133,66,255
9000219,203,134,67,255
9000319,204,135,68,255
9000419,205,136,69,255
9000519,206,137,70,255
9000619,207,138,71,255
9000719,208,139,72,255
9000819,209,140,73,255
9000919,210,141,74,255
9001019,211,142,75,255
9001119,212,143,76,255
9001219,213,144,77,255
9000021,174,0,0,255
9000121,175,0,0,255
9000221,176,0,0,255
9000321,177,0,0,255
9000421,178,0,0,255
9000521,179,0,0,255
9000621,180,0,0,255
9000721,181,1,1,255
9000821,182,2,2,255
9000921,183,3,3,255
9001021,184,4,4,255
9001121,185,5,5,255
9001221,186,6,6,255
9000022,202,74,146,255
9000122,203,75,147,255
9000222,204,76,148,255
9000322,205,77,149,255
9000422,206,78,150,255
9000522,207,79,151,255
9000622,208,80,152,255
9000722,209,81,153,255
9000822,210,82,154,255
9000922,211,83,155,255
9001022,212,84,156,255
9001122,213,85,157,255
9001222,214,86,158,255
9000023,24,84,162,255
9000123,25,85,163,255
9000223,26,86,164,255
9000323,27,87,165,255
9000423,28,88,166,255
9000523,29,89,167,255
9000623,30,90,168,255
9000723,31,91,169,255
9000823,32,92,170,255
9000923,33,93,171,255
9001023,34,94,172,255
9001123,35,95,173,255
9001223,36,96,174,255
9000024,244,194,4,255
9000124,245,195,5,255
9000224,246,196,6,255
9000324,247,197,7,255
9000424,248,198,8,255
9000524,249,199,9,255
9000624,250,200,10,255
9000724,251,201,11,255
9000824,252,202,12,255
9000924,253,203,13,255
9001024,254,204,14,255
9001124,255,205,15,255
9001224,255,206,16,255
9000025,78,45,30,255
9000125,79,46,31,255
9000225,80,47,32,255
9000325,81,48,33,255
9000425,82,49,34,255
9000525,83,50,35,255
9000625,84,51,36,255
9000725,85,52,37,255
9000825,86,53,38,255
9000925,87,54,39,255
9001025,88,55,40,255
9001125,89,56,41,255
9001225,90,57,42,255
9000026,21,36,46,255
9000126,22,37,47,255
9000226,23,38,48,255
9000326,24,39,49,255
9000426,25,40,50,255
9000526,26,41,51,255
9000626,27,42,52,255
9000726,28,43,53,255
9000826,29,44,54,255
9000926,30,45,55,255
9001026,31,46,56,255
9001126,32,47,57,255
9001226,33,48,58,255
9000027,78,83,79,255
9000127,79,84,80,255
9000227,80,85,81,255
9000327,81,86,82,255
9000427,82,87,83,255
9000527,83,88,84,255
9000627,84,89,85,255
9000727,85,90,86,255
9000827,86,91,87,255
9000927,87,92,88,255
9001027,88,93,89,255
9001127,89,94,90,255
9001227,90,95,91,255
9000028,0,127,37,255
9000128,0,128,38,255
9000228,0,129,39,255
9000328,0,130,40,255
9000428,0,131,41,255
9000528,0,132,42,255
9000628,0,133,43,255
9000728,1,134,44,255
9000828,2,135,45,255
9000928,3,136,46,255
9001028,4,137,47,255
9001128,5,138,48,255
9001228,6,139,49,255
9000029,121,190,111,255
9000129,122,191,112,255
9000229,123,192,113,255
9000329,124,193,114,255
9000429,125,194,115,255
9000529,126,195,116,255
9000629,127,196,117,255
9000729,128,197,118,255
9000829,129,198,119,255
9000929,130,199,120,255
9001029,131,200,121,255
9001129,132,201,122,255
9001229,133,202,123,255
9000036,247,189,125,255
9000136,248,190,126,255
9000236,249,191,127,255
9000336,250,192,128,255
9000436,251,193,129,255
9000536,252,194,130,255
9000636,253,195,131,255
9000736,254,196,132,255
9000836,255,197,133,255
9000936,255,198,134,255
9001036,255,199,135,255
9001136,255,200,136,255
9001236,255,201,137,255
9000037,82,165,59,255
9000137,83,166,60,255
9000237,84,167,61,255
9000337,85,168,62,255
9000437,86,169,63,255
9000537,87,170,64,255
9000637,88,171,65,255
9000737,89,172,66,255
9000837,90,173,67,255
9000937,91,174,68,255
9001037,92,175,69,255
9001137,93,176,70,255
9001237,94,177,71,255
9000038,139,74,22,255
9000138,140,75,23,255
9000238,141,76,24,255
9000338,142,77,25,255
9000438,143,78,26,255
9000538,144,79,27,255
9000638,145,80,28,255
9000738,146,81,29,255
9000838,147,82,30,255
9000938,148,83,31,255
9001038,149,84,32,255
9001138,150,85,33,255
9001238,151,86,34,255
9000039,169,184,208,255
9000139,170,185,209,255
9000239,171,186,210,255
9000339,172,187,211,255
9000439,173,188,212,255
9000539,174,189,213,255
9000639,175,190,214,255
9000739,176,191,215,255
9000839,177,192,216,255
9000939,178,193,217,255
9001039,179,194,218,255
9001139,180,195,219,255
9001239,181,196,220,255
9000045,145,197,211,255
9000145,146,198,212,255
9000245,147,199,213,255
9000345,148,200,214,255
9000445,149,201,215,255
9000545,150,202,216,255
9000645,151,203,217,255
9000745,152,204,218,255
9000845,153,205,219,255
9000945,154,206,220,255
9001045,155,207,221,255
9001145,156,208,222,255
9001245,157,209,223,255
9000050,223,217,205,255
9000150,224,218,206,255
9000250,225,219,207,255
9000350,226,220,208,255
9000450,227,221,209,255
9000550,228,222,210,255
9000650,229,223,211,255
9000750,230,224,212,255
9000850,231,225,213,255
9000950,232,226,214,255
9001050,233,227,215,255
9001150,234,228,216,255
9001250,235,229,217,255
90000100,243,177,159,255
90001100,244,178,160,255
90002100,245,179,161,255
90003100,246,180,162,255
90004100,247,181,163,255
90005100,248,182,164,255
90006100,249,183,165,255
90007100,250,184,166,255
90008100,251,185,167,255
90009100,252,186,168,255
90010100,253,187,169,255
90011100,254,188,170,255
90012100,255,189,171,255
90000101,234,103,91,255
90001101,235,104,92,255
90002101,236,105,93,255
90003101,237,106,94,255
90004101,238,107,95,255
90005101,239,108,96,255
90006101,240,109,97,255
90007101,241,110,98,255
90008101,242,111,99,255
90009101,243,112,100,255
90010101,244,113,101,255
90011101,245,114,102,255
90012101,246,115,103,255
90000102,109,144,194,255
90001102,110,145,195,255
90002102,111,146,196,255
90003102,112,147,197,255
90004102,113,148,198,255
90005102,114,149,199,255
90006102,115,150,200,255
90007102,116,151,201,255
90008102,117,152,202,255
90009102,118,153,203,255
90010102,119,154,204,255
90011102,120,155,205,255
90012102,121,156,206,255
90000103,182,174,159,255
90001103,183,175,160,255
90002103,184,176,161,255
90003103,185,177,162,255
90004103,186,178,163,255
90005103,187,179,164,255
90006103,188,180,165,255
90007103,189,181,166,255
90008103,190,182,167,255
90009103,191,183,168,255
90010103,192,184,169,255
90011103,193,185,170,255
90012103,194,186,171,255
90000104,97,25,123,255
90001104,98,26,124,255
90002104,99,27,125,255
90003104,100,28,126,255
90004104,101,29,127,255
90005104,102,30,128,255
90006104,103,31,129,255
90007104,104,32,130,255
90008104,105,33,131,255
90009104,106,34,132,255
90010104,107,35,133,255
90011104,108,36,134,255
90012104,109,37,135,255
90000105,239,128,30,255
90001105,240,129,31,255
90002105,241,130,32,255
90003105,242,131,33,255
90004105,243,132,34,255
90005105,244,133,35,255
90006105,245,134,36,255
90007105,246,135,37,255
90008105,247,136,38,255
90009105,248,137,39,255
90010105,249,138,40,255
90011105,250,139,41,255
90012105,251,140,42,255
90000106,208,115,29,255
90001106,209,116,30,255
90002106,210,117,31,255
90003106,211,118,32,255
90004106,212,119,33,255
90005106,213,120,34,255
90006106,214,121,35,255
90007106,215,122,36,255
90008106,216,123,37,255
90009106,217,124,38,255
90010106,218,125,39,255
90011106,219,126,40,255
90012106,220,127,41,255
90000107,0,151,153,255
90001107,1,152,154,255
90002107,2,153,155,255
90003107,3,154,156,255
90004107,4,155,157,255
90005107,5,156,158,255
90006107,6,157,159,255
90007107,7,158,160,255
90008107,8,159,161,255
90009107,9,160,162,255
90010107,10,161,163,255
90011107,11,162,164,255
90012107,12,163,165,255
90000108,80,65,41,255
90001108,81,66,42,255
90002108,82,67,43,255
90003108,83,68,44,255
90004108,84,69,45,255
90005108,85,70,46,255
90006108,86,71,47,255
90007108,87,72,48,255
90008108,88,73,49,255
90009108,89,74,50,255
90010108,90,75,51,255
90011108,91,76,52,255
90012108,92,77,53,255
90000109,0,14,14,255
90001109,0,15,15,255
90002109,0,16,16,255
90003109,0,17,17,255
90004109,0,18,18,255
90005109,0,19,19,255
90006109,0,20,20,255
90007109,1,21,21,255
90008109,2,22,22,255
90009109,3,23,23,255
90010109,4,24,24,255
90011109,5,25,25,255
90012109,6,26,26,255
90000110,32,64,148,255
90001110,33,65,149,255
90002110,34,66,150,255
90003110,35,67,151,255
90004110,36,68,152,255
90005110,37,69,153,255
90006110,38,70,154,255
90007110,39,71,155,255
90008110,40,72,156,255
90009110,41,73,157,255
90010110,42,74,158,255
90011110,43,75,159,255
90012110,44,76,160,255
90000112,66,91,166,255
90001112,67,92,167,255
90002112,68,93,168,255
90003112,69,94,169,255
90004112,70,95,170,255
90005112,71,96,171,255
90006112,72,97,172,255
90007112,73,98,173,255
90008112,74,99,174,255
90009112,75,100,175,255
90010112,76,101,176,255
90011112,77,102,177,255
90012112,78,103,178,255
90000115,177,206,31,255
90001115,178,207,32,255
90002115,179,208,33,255
90003115,180,209,34,255
90004115,181,210,35,255
90005115,182,211,36,255
90006115,183,212,37,255
90007115,184,213,38,255
90008115,185,214,39,255
90009115,186,215,40,255
90010115,187,216,41,255
90011115,188,217,42,255
90012115,189,218,43,255
90000116,0,164,158,255
90001116,0,165,159,255
90002116,0,166,160,255
90003116,0,167,161,255
90004116,0,168,162,255
90005116,0,169,163,255
90006116,0,170,164,255
90007116,1,171,165,255
90008116,2,172,166,255
90009116,3,173,167,255
90010116,4,174,168,255
90011116,5,175,169,255
90012116,6,176,170,255
90000118,150,208,198,255
90001118,151,209,199,255
90002118,152,210,200,255
90003118,153,211,201,255
90004118,154,212,202,255
90005118,155,213,203,255
90006118,156,214,204,255
90007118,157,215,205,255
90008118,158,216,206,255
90009118,159,217,207,255
90010118,160,218,208,255
90011118,161,219,209,255
90012118,162,220,210,255
90000119,159,196,18,255
90001119,160,197,19,255
90002119,161,198,20,255
90003119,162,199,21,255
90004119,163,200,22,255
90005119,164,201,23,255
90006119,165,202,24,255
90007119,166,203,25,255
90008119,167,204,26,255
90009119,168,205,27,255
90010119,169,206,28,255
90011119,170,207,29,255
90012119,171,208,30,255
90000120,216,228,140,255
90001120,217,229,141,255
90002120,218,230,142,255
90003120,219,231,143,255
90004120,220,232,144,255
90005120,221,233,145,255
90006120,222,234,146,255
90007120,223,235,147,255
90008120,224,236,148,255
90009120,225,237,149,255
90010120,226,238,150,255
90011120,227,239,151,255
90012120,228,240,152,255
90000121,242,148,51,255
90001121,243,149,52,255
90002121,244,150,53,255
90003121,245,151,54,255
90004121,246,152,55,255
90005121,247,153,56,255
90006121,248,154,57,255
90007121,249,155,58,255
90008121,250,156,59,255
90009121,251,157,60,255
90010121,252,158,61,255
90011121,253,159,62,255
90012121,254,160,63,255
90000122,248,197,146,255
90001122,249,198,147,255
90002122,250,199,148,255
90003122,251,200,149,255
90004122,252,201,150,255
90005122,253,202,151,255
90006122,254,203,152,255
90007122,255,204,153,255
90008122,255,205,154,255
90009122,255,206,155,255
90010122,255,207,156,255
90011122,255,208,157,255
90012122,255,209,158,255
90000123,232,78,46,255
90001123,233,79,47,255
90002123,234,80,48,255
90003123,235,81,49,255
90004123,236,82,50,255
90005123,237,83,51,255
90006123,238,84,52,255
90007123,239,85,53,255
90008123,240,86,54,255
90009123,241,87,55,255
90010123,242,88,56,255
90011123,243,89,57,255
90012123,244,90,58,255
90000124,138,25,112,255
90001124,139,26,113,255
90002124,140,27,114,255
90003124,141,28,115,255
90004124,142,29,116,255
90005124,143,30,117,255
90006124,144,31,118,255
90007124,145,32,119,255
90008124,146,33,120,255
90009124,147,34,121,255
90010124,148,35,122,255
90011124,149,36,123,255
90012124,150,37,124,255
90000125,243,161,113,255
90001125,244,162,114,255
90002125,245,163,115,255
90003125,246,164,116,255
90004125,247,165,117,255
90005125,248,166,118,255
90006125,249,167,119,255
90007125,250,168,120,255
90008125,251,169,121,255
90009125,252,170,122,255
90010125,253,171,123,255
90011125,254,172,124,255
90012125,255,173,125,255
90000127,216,166,96,255
90001127,217,167,97,255
90002127,218,168,98,255
90003127,219,169,99,255
90004127,220,170,100,255
90005127,221,171,101,255
90006127,222,172,102,255
90007127,223,173,103,255
90008127,224,174,104,255
90009127,225,175,105,255
90010127,226,176,106,255
90011127,227,177,107,255
90012127,228,178,108,255
90000128,167,91,58,255
90001128,168,92,59,255
90002128,169,93,60,255
90003128,170,94,61,255
90004128,171,95,62,255
90005128,172,96,63,255
90006128,173,97,64,255
90007128,174,98,65,255
90008128,175,99,66,255
90009128,176,100,67,255
90010128,177,101,68,255
90011128,178,102,69,255
90012128,179,103,70,255
90000131,154,154,154,255
90001131,155,155,155,255
90002131,156,156,156,255
90003131,157,157,157,255
90004131,158,158,158,255
90005131,159,159,159,255
90006131,160,160,160,255
90007131,161,161,161,255
90008131,162,162,162,255
90009131,163,163,163,255
90010131,164,164,164,255
90011131,165,165,165,255
90012131,166,166,166,255
90000133,233,82,34,255
90001133,234,83,35,255
90002133,235,84,36,255
90003133,236,85,37,255
90004133,237,86,38,255
90005133,238,87,39,255
90006133,239,88,40,255
90007133,240,89,41,255
90008133,241,90,42,255
90009133,242,91,43,255
90010133,243,92,44,255
90011133,244,93,45,255
90012133,245,94,46,255
90000134,199,215,46,255
90001134,200,216,47,255
90002134,201,217,48,255
90003134,202,218,49,255
90004134,203,219,50,255
90005134,204,220,51,255
90006134,205,221,52,255
90007134,206,222,53,255
90008134,207,223,54,255
90009134,208,224,55,255
90010134,209,225,56,255
90011134,210,226,57,255
90012134,211,227,58,255
90000135,106,123,148,255
90001135,107,124,149,255
90002135,108,125,150,255
90003135,109,126,151,255
90004135,110,127,152,255
90005135,111,128,153,255
90006135,112,129,154,255
90007135,113,130,155,255
90008135,114,131,156,255
90009135,115,132,157,255
90010135,116,133,158,255
90011135,117,134,159,255
90012135,118,135,160,255
90000136,111,95,119,255
90001136,112,96,120,255
90002136,113,97,121,255
90003136,114,98,122,255
90004136,115,99,123,255
90005136,116,100,124,255
90006136,117,101,125,255
90007136,118,102,126,255
90008136,119,103,127,255
90009136,120,104,128,255
90010136,121,105,129,255
90011136,122,106,130,255
90012136,123,107,131,255
90000137,238,123,65,255
90001137,239,124,66,255
90002137,240,125,67,255
90003137,241,126,68,255
90004137,242,127,69,255
90005137,243,128,70,255
90006137,244,129,71,255
90007137,245,130,72,255
90008137,246,131,73,255
90009137,247,132,74,255
90010137,248,133,75,255
90011137,249,134,76,255
90012137,250,135,77,255
90000138,131,119,92,255
90001138,132,120,93,255
90002138,133,121,94,255
90003138,134,122,95,255
90004138,135,123,96,255
90005138,136,124,97,255
90006138,137,125,98,255
90007138,138,126,99,255
90008138,139,127,100,255
90009138,140,128,101,255
90010138,141,129,102,255
90011138,142,130,103,255
90012138,143,131,104,255
90000139,112,71,53,255
90001139,113,72,54,255
90002139,114,73,55,255
90003139,115,74,56,255
90004139,116,75,57,255
90005139,117,76,58,255
90006139,118,77,59,255
90007139,119,78,60,255
90008139,120,79,61,255
90009139,121,80,62,255
90010139,122,81,63,255
90011139,123,82,64,255
90012139,124,83,65,255
90000140,19,44,84,255
90001140,20,45,85,255
90002140,21,46,86,255
90003140,22,47,87,255
90004140,23,48,88,255
90005140,24,49,89,255
90006140,25,50,90,255
90007140,26,51,91,255
90008140,27,52,92,255
90009140,28,53,93,255
90010140,29,54,94,255
90011140,30,55,95,255
90012140,31,56,96,255
90000141,0,63,20,255
90001141,0,64,21,255
90002141,0,65,22,255
90003141,0,66,23,255
90004141,0,67,24,255
90005141,0,68,25,255
90006141,0,69,26,255
90007141,1,70,27,255
90008141,2,71,28,255
90009141,3,72,29,255
90010141,4,73,30,255
90011141,5,74,31,255
90012141,6,75,32,255
90000145,85,111,138,255
90001145,86,112,139,255
90002145,87,113,140,255
90003145,88,114,141,255
90004145,89,115,142,255
90005145,90,116,143,255
90006145,91,117,144,255
90007145,92,118,145,255
90008145,93,119,146,255
90009145,94,120,147,255
90010145,95,121,148,255
90011145,96,122,149,255
90012145,97,123,150,255
90000146,123,111,138,255
90001146,124,112,139,255
90002146,125,113,140,255
90003146,126,114,141,255
90004146,127,115,142,255
90005146,128,116,143,255
90006146,129,117,144,255
90007146,130,118,145,255
90008146,131,119,146,255
90009146,132,120,147,255
90010146,133,121,148,255
90011146,134,122,149,255
90012146,135,123,150,255
90000147,125,108,73,255
90001147,126,109,74,255
90002147,127,110,75,255
90003147,128,111,76,255
90004147,129,112,77,255
90005147,130,113,78,255
90006147,131,114,79,255
90007147,132,115,80,255
90008147,133,116,81,255
90009147,134,117,82,255
90010147,135,118,83,255
90011147,136,119,84,255
90012147,137,120,85,255
90000148,66,71,66,255
90001148,67,72,67,255
90002148,68,73,68,255
90003148,69,74,69,255
90004148,70,75,70,255
90005148,71,76,71,255
90006148,72,77,72,255
90007148,73,78,73,255
90008148,74,79,74,255
90009148,75,80,75,255
90010148,76,81,76,255
90011148,77,82,77,255
90012148,78,83,78,255
90000149,4,13,33,255
90001149,5,14,34,255
90002149,6,15,35,255
90003149,7,16,36,255
90004149,8,17,37,255
90005149,9,18,38,255
90006149,10,19,39,255
90007149,11,20,40,255
90008149,12,21,41,255
90009149,13,22,42,255
90010149,14,23,43,255
90011149,15,24,44,255
90012149,16,25,45,255
90000150,146,149,147,255
90001150,147,150,148,255
90002150,148,151,149,255
90003150,149,152,150,255
90004150,150,153,151,255
90005150,151,154,152,255
90006150,152,155,153,255
90007150,153,156,154,255
90008150,154,157,155,255
90009150,155,158,156,255
90010150,156,159,157,255
90011150,157,160,158,255
90012150,158,161,159,255
90000151,106,136,118,255
90001151,107,137,119,255
90002151,108,138,120,255
90003151,109,139,121,255
90004151,110,140,122,255
90005151,111,141,123,255
90006151,112,142,124,255
90007151,113,143,125,255
90008151,114,144,126,255
90009151,115,145,127,255
90010151,116,146,128,255
90011151,117,147,129,255
90012151,118,148,130,255
90000153,130,90,88,255
90001153,131,91,89,255
90002153,132,92,90,255
90003153,133,93,91,255
90004153,134,94,92,255
90005153,135,95,93,255
90006153,136,96,94,255
90007153,137,97,95,255
90008153,138,98,96,255
90009153,139,99,97,255
90010153,140,100,98,255
90011153,141,101,99,255
90012153,142,102,100,255
90000154,108,0,12,255
90001154,109,0,13,255
90002154,110,0,14,255
90003154,111,0,15,255
90004154,112,0,16,255
90005154,113,0,17,255
90006154,114,0,18,255
90007154,115,1,19,255
90008154,116,2,20,255
90009154,117,3,21,255
90010154,118,4,22,255
90011154,119,5,23,255
90012154,120,6,24,255
90000168,90,80,70,255
90001168,91,81,71,255
90002168,92,82,72,255
90003168,93,83,73,255
90004168,94,84,74,255
90005168,95,85,75,255
90006168,96,86,76,255
90007168,97,87,77,255
90008168,98,88,78,255
90009168,99,89,79,255
90010168,100,90,80,255
90011168,101,91,81,255
90012168,102,92,82,255
90000176,142,75,66,255
90001176,143,76,67,255
90002176,144,77,68,255
90003176,145,78,69,255
90004176,146,79,70,255
90005176,147,80,71,255
90006176,148,81,72,255
90007176,149,82,73,255
90008176,150,83,74,255
90009176,151,84,75,255
90010176,152,85,76,255
90011176,153,86,77,255
90012176,154,87,78,255
90000178,165,97,52,255
90001178,166,98,53,255
90002178,167,99,54,255
90003178,168,100,55,255
90004178,169,101,56,255
90005178,170,102,57,255
90006178,171,103,58,255
90007178,172,104,59,255
90008178,173,105,60,255
90009178,174,106,61,255
90010178,175,107,62,255
90011178,176,108,63,255
90012178,177,109,64,255
90000179,109,108,107,255
90001179,110,109,108,255
90002179,111,110,109,255
90003179,112,111,110,255
90004179,113,112,111,255
90005179,114,113,112,255
90006179,115,114,113,255
90007179,116,115,114,255
90008179,117,116,115,255
90009179,118,117,116,255
90010179,119,118,117,255
90011179,120,119,118,255
90012179,121,120,119,255
90000180,215,146,40,255
90001180,216,147,41,255
90002180,217,148,42,255
90003180,218,149,43,255
90004180,219,150,44,255
90005180,220,151,45,255
90006180,221,152,46,255
90007180,222,153,47,255
90008180,223,154,48,255
90009180,224,155,49,255
90010180,225,156,50,255
90011180,226,157,51,255
90012180,227,158,52,255
90000183,240,236,217,255
90001183,241,237,218,255
90002183,242,238,219,255
90003183,243,239,220,255
90004183,244,240,221,255
90005183,245,241,222,255
90006183,246,242,223,255
90007183,247,243,224,255
90008183,248,244,225,255
90009183,249,245,226,255
90010183,250,246,227,255
90011183,251,247,228,255
90012183,252,248,229,255
90000184,208,0,32,255
90001184,209,0,33,255
90002184,210,0,34,255
90003184,211,0,35,255
90004184,212,0,36,255
90005184,213,0,37,255
90006184,214,0,38,255
90007184,215,1,39,255
90008184,216,2,40,255
90009184,217,3,41,255
90010184,218,4,42,255
90011184,219,5,43,255
90012184,220,6,44,255
90000185,0,83,157,255
90001185,0,84,158,255
90002185,0,85,159,255
90003185,0,86,160,255
90004185,0,87,161,255
90005185,0,88,162,255
90006185,0,89,163,255
90007185,1,90,164,255
90008185,2,91,165,255
90009185,3,92,166,255
90010185,4,93,167,255
90011185,5,94,168,255
90012185,6,95,169,255
90000186,0,136,54,255
90001186,0,137,55,255
90002186,0,138,56,255
90003186,0,139,57,255
90004186,0,140,58,255
90005186,0,141,59,255
90006186,0,142,60,255
90007186,1,143,61,255
90008186,2,144,62,255
90009186,3,145,63,255
90010186,4,146,64,255
90011186,5,147,65,255
90012186,6,148,66,255
90000187,81,51,38,255
90001187,82,52,39,255
90002187,83,53,40,255
90003187,84,54,41,255
90004187,85,55,42,255
90005187,86,56,43,255
90006187,87,57,44,255
90007187,88,58,45,255
90008187,89,59,46,255
90009187,90,60,47,255
90010187,91,61,48,255
90011187,92,62,49,255
90012187,93,63,50,255
90000188,0,152,200,255
90001188,0,153,201,255
90002188,0,154,202,255
90003188,0,155,203,255
90004188,0,156,204,255
90005188,0,157,205,255
90006188,0,158,206,255
90007188,1,159,207,255
90008188,2,160,208,255
90009188,3,161,209,255
90010188,4,162,210,255
90011188,5,163,211,255
90012188,6,164,212,255
90000189,166,124,65,255
90001189,167,125,66,255
90002189,168,126,67,255
90003189,169,127,68,255
90004189,170,128,69,255
90005189,171,129,70,255
90006189,172,130,71,255
90007189,173,131,72,255
90008189,174,132,73,255
90009189,175,133,74,255
90010189,176,134,75,255
90011189,177,135,76,255
90012189,178,136,77,255
90000190,249,201,5,255
90001190,250,202,6,255
90002190,251,203,7,255
90003190,252,204,8,255
90004190,253,205,9,255
90005190,254,206,10,255
90006190,255,207,11,255
90007190,255,208,12,255
90008190,255,209,13,255
90009190,255,210,14,255
90010190,255,211,15,255
90011190,255,212,16,255
90012190,255,213,17,255
90000191,246,166,0,255
90001191,247,167,0,255
90002191,248,168,0,255
90003191,249,169,0,255
90004191,250,170,0,255
90005191,251,171,0,255
90006191,252,172,0,255
90007191,253,173,1,255
90008191,254,174,2,255
90009191,255,175,3,255
90010191,255,176,4,255
90011191,255,177,5,255
90012191,255,178,6,255
90000192,89,43,3,255
90001192,90,44,4,255
90002192,91,45,5,255
90003192,92,46,6,255
90004192,93,47,7,255
90005192,94,48,8,255
90006192,95,49,9,255
90007192,96,50,10,255
90008192,97,51,11,255
90009192,98,52,12,255
90010192,99,53,13,255
90011192,100,54,14,255
90012192,101,55,15,255
90000193,230,62,23,255
90001193,231,63,24,255
90002193,232,64,25,255
90003193,233,65,26,255
90004193,234,66,27,255
90005193,235,67,28,255
90006193,236,68,29,255
90007193,237,69,30,255
90008193,238,70,31,255
90009193,239,71,32,255
90010193,240,72,33,255
90011193,241,73,34,255
90012193,242,74,35,255
90000194,144,144,144,255
90001194,145,145,145,255
90002194,146,146,146,255
90003194,147,147,147,255
90004194,148,148,148,255
90005194,149,149,149,255
90006194,150,150,150,255
90007194,151,151,151,255
90008194,152,152,152,255
90009194,153,153,153,255
90010194,154,154,154,255
90011194,155,155,155,255
90012194,156,156,156,255
90000195,22,82,161,255
90001195,23,83,162,255
90002195,24,84,163,255
90003195,25,85,164,255
90004195,26,86,165,255
90005195,27,87,166,255
90006195,28,88,167,255
90007195,29,89,168,255
90008195,30,90,169,255
90009195,31,91,170,255
90010195,32,92,171,255
90011195,33,93,172,255
90012195,34,94,173,255
90000196,8,56,148,255
90001196,9,57,149,255
90002196,10,58,150,255
90003196,11,59,151,255
90004196,12,60,152,255
90005196,13,61,153,255
90006196,14,62,154,255
90007196,15,63,155,255
90008196,16,64,156,255
90009196,17,65,157,255
90010196,18,66,158,255
90011196,19,67,159,255
90012196,20,68,160,255
90000197,43,37,129,255
90001197,44,38,130,255
90002197,45,39,131,255
90003197,46,40,132,255
90004197,47,41,133,255
90005197,48,42,134,255
90006197,49,43,135,255
90007197,50,44,136,255
90008197,51,45,137,255
90009197,52,46,138,255
90010197,53,47,139,255
90011197,54,48,140,255
90012197,55,49,141,255
90000198,132,12,162,255
90001198,133,13,163,255
90002198,134,14,164,255
90003198,135,15,165,255
90004198,136,16,166,255
90005198,137,17,167,255
90006198,138,18,168,255
90007198,139,19,169,255
90008198,140,20,170,255
90009198,141,21,171,255
90010198,142,22,172,255
90011198,143,23,173,255
90012198,144,24,174,255
90000199,94,94,94,255
90001199,95,95,95,255
90002199,96,96,96,255
90003199,97,97,97,255
90004199,98,98,98,255
90005199,99,99,99,255
90006199,100,100,100,255
90007199,101,101,101,255
90008199,102,102,102,255
90009199,103,103,103,255
90010199,104,104,104,255
90011199,105,105,105,255
90012199,106,106,106,255
90000200,100,115,62,255
90001200,101,116,63,255
90002200,102,117,64,255
90003200,103,118,65,255
90004200,104,119,66,255
90005200,105,120,67,255
90006200,106,121,68,255
90007200,107,122,69,255
90008200,108,123,70,255
90009200,109,124,71,255
90010200,110,125,72,255
90011200,111,126,73,255
90012200,112,127,74,255
90000208,194,194,194,255
90001208,195,195,195,255
90002208,196,196,196,255
90003208,197,197,197,255
90004208,198,198,198,255
90005208,199,199,199,255
90006208,200,200,200,255
90007208,201,201,201,255
90008208,202,202,202,255
90009208,203,203,203,255
90010208,204,204,204,255
90011208,205,205,205,255
90012208,206,206,206,255
90000209,158,112,30,255
90001209,159,113,31,255
90002209,160,114,32,255
90003209,161,115,33,255
90004209,162,116,34,255
90005209,163,117,35,255
90006209,164,118,36,255
90007209,165,119,37,255
90008209,166,120,38,255
90009209,167,121,39,255
90010209,168,122,40,255
90011209,169,123,41,255
90012209,170,124,42,255
90000210,64,132,89,255
90001210,65,133,90,255
90002210,66,134,91,255
90003210,67,135,92,255
90004210,68,136,93,255
90005210,69,137,94,255
90006210,70,138,95,255
90007210,71,139,96,255
90008210,72,140,97,255
90009210,73,141,98,255
90010210,74,142,99,255
90011210,75,143,100,255
90012210,76,144,101,255
90000211,57,176,163,255
90001211,58,177,164,255
90002211,59,178,165,255
90003211,60,179,166,255
90004211,61,180,167,255
90005211,62,181,168,255
90006211,63,182,169,255
90007211,64,183,170,255
90008211,65,184,171,255
90009211,66,185,172,255
90010211,67,186,173,255
90011211,68,187,174,255
90012211,69,188,175,255
90000212,151,189,241,255
90001212,152,190,242,255
90002212,153,191,243,255
90003212,154,192,244,255
90004212,155,193,245,255
90005212,156,194,246,255
90006212,157,195,247,255
90007212,158,196,248,255
90008212,159,197,249,255
90009212,160,198,250,255
90010212,161,199,251,255
90011212,162,200,252,255
90012212,163,201,253,255
90000213,65,105,176,255
90001213,66,106,177,255
90002213,67,107,178,255
90003213,68,108,179,255
90004213,69,109,180,255
90005213,70,110,181,255
90006213,71,111,182,255
90007213,72,112,183,255
90008213,73,113,184,255
90009213,74,114,185,255
90010213,75,115,186,255
90011213,76,116,187,255
90012213,77,117,188,255
90000216,129,37,17,255
90001216,130,38,18,255
90002216,131,39,19,255
90003216,132,40,20,255
90004216,133,41,21,255
90005216,134,42,22,255
90006216,135,43,23,255
90007216,136,44,24,255
90008216,137,45,25,255
90009216,138,46,26,255
90010216,139,47,27,255
90011216,140,48,28,255
90012216,141,49,29,255
90000217,117,87,59,255
90001217,118,88,60,255
90002217,119,89,61,255
90003217,120,90,62,255
90004217,121,91,63,255
90005217,122,92,64,255
90006217,123,93,65,255
90007217,124,94,66,255
90008217,125,95,67,255
90009217,126,96,68,255
90010217,127,97,69,255
90011217,128,98,70,255
90012217,129,99,71,255
90000218,136,79,145,255
90001218,137,80,146,255
90002218,138,81,147,255
90003218,139,82,148,255
90004218,140,83,149,255
90005218,141,84,150,255
90006218,142,85,151,255
90007218,143,86,152,255
90008218,144,87,153,255
90009218,145,88,154,255
90010218,146,89,155,255
90011218,147,90,156,255
90012218,148,91,157,255
90000219,80,72,151,255
90001219,81,73,152,255
90002219,82,74,153,255
90003219,83,75,154,255
90004219,84,76,155,255
90005219,85,77,156,255
90006219,86,78,157,255
90007219,87,79,158,255
90008219,88,80,159,255
90009219,89,81,160,255
90010219,90,82,161,255
90011219,91,83,162,255
90012219,92,84,163,255
90000220,139,143,196,255
90001220,140,144,197,255
90002220,141,145,198,255
90003220,142,146,199,255
90004220,143,147,200,255
90005220,144,148,201,255
90006220,145,149,202,255
90007220,146,150,203,255
90008220,147,151,204,255
90009220,148,152,205,255
90010220,149,153,206,255
90011220,150,154,207,255
90012220,151,155,208,255
90000221,205,47,151,255
90001221,206,48,152,255
90002221,207,49,153,255
90003221,208,50,154,255
90004221,209,51,155,255
90005221,210,52,156,255
90006221,211,53,157,255
90007221,212,54,158,255
90008221,213,55,159,255
90009221,214,56,160,255
90010221,215,57,161,255
90011221,216,58,162,255
90012221,217,59,163,255
90000222,249,152,199,255
90001222,250,153,200,255
90002222,251,154,201,255
90003222,252,155,202,255
90004222,253,156,203,255
90005222,254,157,204,255
90006222,255,158,205,255
90007222,255,159,206,255
90008222,255,160,207,255
90009222,255,161,208,255
90010222,255,162,209,255
90011222,255,163,210,255
90012222,255,164,211,255
90000223,235,114,122,255
90001223,236,115,123,255
90002223,237,116,124,255
90003223,238,117,125,255
90004223,239,118,126,255
90005223,240,119,127,255
90006223,241,120,128,255
90007223,242,121,129,255
90008223,243,122,130,255
90009223,244,123,131,255
90010223,245,124,132,255
90011223,246,125,133,255
90012223,247,126,134,255
90000224,237,195,130,255
90001224,238,196,131,255
90002224,239,197,132,255
90003224,240,198,133,255
90004224,241,199,134,255
90005224,242,200,135,255
90006224,243,201,136,255
90007224,244,202,137,255
90008224,245,203,138,255
90009224,246,204,139,255
90010224,247,205,140,255
90011224,248,206,141,255
90012224,249,207,142,255
90000225,244,163,94,255
90001225,245,164,95,255
90002225,246,165,96,255
90003225,247,166,97,255
90004225,248,167,98,255
90005225,249,168,99,255
90006225,250,169,100,255
90007225,251,170,101,255
90008225,252,171,102,255
90009225,253,172,103,255
90010225,254,173,104,255
90011225,255,174,105,255
90012225,255,175,106,255
90000226,249,230,102,255
90001226,250,231,103,255
90002226,251,232,104,255
90003226,252,233,105,255
90004226,253,234,106,255
90005226,254,235,107,255
90006226,255,236,108,255
90007226,255,237,109,255
90008226,255,238,110,255
90009226,255,239,111,255
90010226,255,240,112,255
90011226,255,241,113,255
90012226,255,242,114,255
90000232,113,195,210,255
90001232,114,196,211,255
90002232,115,197,212,255
90003232,116,198,213,255
90004232,117,199,214,255
90005232,118,200,215,255
90006232,119,201,216,255
90007232,120,202,217,255
90008232,121,203,218,255
90009232,122,204,219,255
90010232,123,205,220,255
90011232,124,206,221,255
90012232,125,207,222,255
90000233,90,180,112,255
90001233,91,181,113,255
90002233,92,182,114,255
90003233,93,183,115,255
90004233,94,184,116,255
90005233,95,185,117,255
90006233,96,186,118,255
90007233,97,187,119,255
90008233,98,188,120,255
90009233,99,189,121,255
90010233,100,190,122,255
90011233,101,191,123,255
90012233,102,192,124,255
90000268,62,20,139,255
90001268,63,21,140,255
90002268,64,22,141,255
90003268,65,23,142,255
90004268,66,24,143,255
90005268,67,25,144,255
90006268,68,26,145,255
90007268,69,27,146,255
90008268,70,28,147,255
90009268,71,29,148,255
90010268,72,30,149,255
90011268,73,31,150,255
90012268,74,32,151,255
90000269,56,143,176,255
90001269,57,144,177,255
90002269,58,145,178,255
90003269,59,146,179,255
90004269,60,147,180,255
90005269,61,148,181,255
90006269,62,149,182,255
90007269,63,150,183,255
90008269,64,151,184,255
90009269,65,152,185,255
90010269,66,153,186,255
90011269,67,154,187,255
90012269,68,155,188,255
90000283,249,195,143,255
90001283,250,196,144,255
90002283,251,197,145,255
90003283,252,198,146,255
90004283,253,199,147,255
90005283,254,200,148,255
90006283,255,201,149,255
90007283,255,202,150,255
90008283,255,203,151,255
90009283,255,204,152,255
90010283,255,205,153,255
90011283,255,206,154,255
90012283,255,207,155,255
90000296,167,167,167,255
90001296,168,168,168,255
90002296,169,169,169,255
90003296,170,170,170,255
90004296,171,171,171,255
90005296,172,172,172,255
90006296,173,173,173,255
90007296,174,174,174,255
90008296,175,175,175,255
90009296,176,176,176,255
90010296,177,177,177,255
90011296,178,178,178,255
90012296,179,179,179,255
90000297,164,121,40,255
90001297,165,122,41,255
90002297,166,123,42,255
90003297,167,124,43,255
90004297,168,125,44,255
90005297,169,126,45,255
90006297,170,127,46,255
90007297,171,128,47,255
90008297,172,129,48,255
90009297,173,130,49,255
90010297,174,131,50,255
90011297,175,132,51,255
90012297,176,133,52,255
90000298,112,112,112,255
90001298,113,113,113,255
90002298,114,114,114,255
90003298,115,115,115,255
90004298,116,116,116,255
90005298,117,117,117,255
90006298,118,118,118,255
90007298,119,119,119,255
90008298,120,120,120,255
90009298,121,121,121,255
90010298,122,122,122,255
90011298,123,123,123,255
90012298,124,124,124,255
90000308,49,27,0,255
90001308,50,28,0,255
90002308,51,29,0,255
90003308,52,30,0,255
90004308,53,31,0,255
90005308,54,32,0,255
90006308,55,33,0,255
90007308,56,34,1,255
90008308,57,35,2,255
90009308,58,36,3,255
90010308,59,37,4,255
90011308,60,38,5,255
90012308,61,39,6,255
90000309,200,200,200,255
90001309,201,201,201,255
90002309,202,202,202,255
90003309,203,203,203,255
90004309,204,204,204,255
90005309,205,205,205,255
90006309,206,206,206,255
90007309,207,207,207,255
90008309,208,208,208,255
90009309,209,209,209,255
90010309,210,210,210,255
90011309,211,211,211,255
90012309,212,212,212,255
90000310,217,187,112,255
90001310,218,188,113,255
90002310,219,189,114,255
90003310,220,190,115,255
90004310,221,191,116,255
90005310,222,192,117,255
90006310,223,193,118,255
90007310,224,194,119,255
90008310,225,195,120,255
90009310,226,196,121,255
90010310,227,197,122,255
90011310,228,198,123,255
90012310,229,199,124,255
90000312,164,119,79,255
90001312,165,120,80,255
90002312,166,121,81,255
90003312,167,122,82,255
90004312,168,123,83,255
90005312,169,124,84,255
90006312,170,125,85,255
90007312,171,126,86,255
90008312,172,127,87,255
90009312,173,128,88,255
90010312,174,129,89,255
90011312,175,130,90,255
90012312,176,131,91,255
90000315,134,126,123,255
90001315,135,127,124,255
90002315,136,128,125,255
90003315,137,129,126,255
90004315,138,130,127,255
90005315,139,131,128,255
90006315,140,132,129,255
90007315,141,133,130,255
90008315,142,134,131,255
90009315,143,135,132,255
90010315,144,136,133,255
90011315,145,137,134,255
90012315,146,138,135,255
90000316,56,54,51,255
90001316,57,55,52,255
90002316,58,56,53,255
90003316,59,57,54,255
90004316,60,58,55,255
90005316,61,59,56,255
90006316,62,60,57,255
90007316,63,61,58,255
90008316,64,62,59,255
90009316,65,63,60,255
90010316,66,64,61,255
90011316,67,65,62,255
90012316,68,66,63,255
90000321,64,149,189,255
90001321,65,150,190,255
90002321,66,151,191,255
90003321,67,152,192,255
90004321,68,153,193,255
90005321,69,154,194,255
90006321,70,155,195,255
90007321,71,156,196,255
90008321,72,157,197,255
90009321,73,158,198,255
90010321,74,159,199,255
90011321,75,160,200,255
90012321,76,161,201,255
90000322,98,189,220,255
90001322,99,190,221,255
90002322,100,191,222,255
90003322,101,192,223,255
90004322,102,193,224,255
90005322,103,194,225,255
90006322,104,195,226,255
90007322,105,196,227,255
90008322,106,197,228,255
90009322,107,198,229,255
90010322,108,199,230,255
90011322,109,200,231,255
90012322,110,201,232,255
90000323,205,236,228,255
90001323,206,237,229,255
90002323,207,238,230,255
90003323,208,239,231,255
90004323,209,240,232,255
90005323,210,241,233,255
90006323,211,242,234,255
90007323,212,243,235,255
90008323,213,244,236,255
90009323,214,245,237,255
90010323,215,246,238,255
90011323,216,247,239,255
90012323,217,248,240,255
90000324,154,104,179,255
90001324,155,105,180,255
90002324,156,106,181,255
90003324,157,107,182,255
90004324,158,108,183,255
90005324,159,109,184,255
90006324,160,110,185,255
90007324,161,111,186,255
90008324,162,112,187,255
90009324,163,113,188,255
90010324,164,114,189,255
90011324,165,115,190,255
90012324,166,116,191,255
90000325,199,158,216,255
90001325,200,159,217,255
90002325,201,160,218,255
90003325,202,161,219,255
90004325,203,162,220,255
90005325,204,163,221,255
90006325,205,164,222,255
90007325,206,165,223,255
90008325,207,166,224,255
90009325,208,167,225,255
90010325,209,168,226,255
90011325,210,169,227,255
90012325,211,170,228,255
90000326,220,243,148,255
90001326,221,244,149,255
90002326,222,245,150,255
90003326,223,246,151,255
90004326,224,247,152,255
90005326,225,248,153,255
90006326,226,249,154,255
90007326,227,250,155,255
90008326,228,251,156,255
90009326,229,252,157,255
90010326,230,253,158,255
90011326,231,254,159,255
90012326,232,255,160,255
90000329,239,237,209,255
90001329,240,238,210,255
90002329,241,239,211,255
90003329,242,240,212,255
90004329,243,241,213,255
90005329,244,242,214,255
90006329,245,243,215,255
90007329,246,244,216,255
90008329,247,245,217,255
90009329,248,246,218,255
90010329,249,247,219,255
90011329,250,248,220,255
90012329,251,249,221,255
90000330,113,113,72,255
90001330,114,114,73,255
90002330,115,115,74,255
90003330,116,116,75,255
90004330,117,117,76,255
90005330,118,118,77,255
90006330,119,119,78,255
90007330,120,120,79,255
90008330,121,121,80,255
90009330,122,122,81,255
90010330,123,123,82,255
90011330,124,124,83,255
90012330,125,125,84,255
90000336,134,134,134,255
90001336,135,135,135,255
90002336,136,136,136,255
90003336,137,137,137,255
90004336,138,138,138,255
90005336,139,139,139,255
90006336,140,140,140,255
90007336,141,141,141,255
90008336,142,142,142,255
90009336,143,143,143,255
90010336,144,144,144,255
90011336,145,145,145,255
90012336,146,146,146,255
