1
2
3
4
5
6
7
8
9
11
12
13
14
15
16
17
18
19
21
22
23
24
25
26
27
28
29
36
37
38
39
45
50
100
101
102
103
104
105
106
107
108
109
110
112
115
116
118
119
120
121
122
123
124
125
127
128
131
133
134
135
136
137
138
139
140
141
145
146
147
148
149
150
151
153
154
168
176
178
179
180
183
184
185
186
187
188
189
190
191
192
193
194
195
196
197
198
199
200
208
209
210
211
212
213
216
217
218
219
220
221
222
223
224
225
226
232
233
268
269
283
296
297
298
308
309
310
312
315
316
321
322
323
324
325
326
329
330
336
